10
30
50
70
90
110
130
150
170
190
210
230
250
270
290
310
330
350
370
390
410
430
450
470
490
510
530
550
570
590
610
630
650
670
690
710
730
750
770
790
810
830
850
870
890
910
930
950
970
990
1010
1060
1110
1160
1210
1260
1310
1360
1410
1460
1510
1560
1610
1660
1710
1760
1810
1860
1910
1960
2010
2085
2160
2235
2310
2385
2460
2535
2610
2685
2760
2835
2910
2985
3060
3135
3210
3285
3360
3435
3510
3585
3660
3735
3810
3885
3960
4035
4110
4185
4260
4335
4410
4485
4560
4635
4710
4785
4860
4935
5010
5085
5160
5235
5310
5385
5460
5535
5610
5685
5760
5835
5910
5985
6060
6135
6210
6285
6360
6435
6510
6585
6660
6735
6810
6885
6960
7035
7110
7185
7260
7335
7410
7485
7560
7635
7710
7785
7860
7935
8010
8085
8160
8235
8310
8385
8460
8535
8610
8685
8760
8835
8910
8985
9060
9135
9210
9285
9360
9435
9510
9585
9660
9735
9810
9885
9960
10035
10535
11035
11535
12035
12535
13035
13535
14035
14535
15035
16035
17035
18035
19035
20035
21035
22035
23035
24035
25035
27035
30000
